{
 "cells": [
  {
   "cell_type": "code",
   "execution_count": 1,
   "metadata": {},
   "outputs": [],
   "source": [
    "import numpy as np\n",
    "import pandas as pd \n",
    "import matplotlib.pyplot as plt "
   ]
  },
  {
   "cell_type": "code",
   "execution_count": 2,
   "metadata": {},
   "outputs": [],
   "source": [
    "raw_data_csv = pd.read_csv(\"./../datasets/Index2018.csv\")"
   ]
  },
  {
   "cell_type": "code",
   "execution_count": 3,
   "metadata": {},
   "outputs": [
    {
     "data": {
      "text/html": [
       "<div>\n",
       "<style scoped>\n",
       "    .dataframe tbody tr th:only-of-type {\n",
       "        vertical-align: middle;\n",
       "    }\n",
       "\n",
       "    .dataframe tbody tr th {\n",
       "        vertical-align: top;\n",
       "    }\n",
       "\n",
       "    .dataframe thead th {\n",
       "        text-align: right;\n",
       "    }\n",
       "</style>\n",
       "<table border=\"1\" class=\"dataframe\">\n",
       "  <thead>\n",
       "    <tr style=\"text-align: right;\">\n",
       "      <th></th>\n",
       "      <th>date</th>\n",
       "      <th>spx</th>\n",
       "      <th>dax</th>\n",
       "      <th>ftse</th>\n",
       "      <th>nikkei</th>\n",
       "    </tr>\n",
       "  </thead>\n",
       "  <tbody>\n",
       "    <tr>\n",
       "      <th>0</th>\n",
       "      <td>07/01/1994</td>\n",
       "      <td>469.90</td>\n",
       "      <td>2224.95</td>\n",
       "      <td>3445.98</td>\n",
       "      <td>18124.01</td>\n",
       "    </tr>\n",
       "    <tr>\n",
       "      <th>1</th>\n",
       "      <td>10/01/1994</td>\n",
       "      <td>475.27</td>\n",
       "      <td>2225.00</td>\n",
       "      <td>3440.58</td>\n",
       "      <td>18443.44</td>\n",
       "    </tr>\n",
       "    <tr>\n",
       "      <th>2</th>\n",
       "      <td>11/01/1994</td>\n",
       "      <td>474.13</td>\n",
       "      <td>2228.10</td>\n",
       "      <td>3413.77</td>\n",
       "      <td>18485.25</td>\n",
       "    </tr>\n",
       "    <tr>\n",
       "      <th>3</th>\n",
       "      <td>12/01/1994</td>\n",
       "      <td>474.17</td>\n",
       "      <td>2182.06</td>\n",
       "      <td>3372.02</td>\n",
       "      <td>18793.88</td>\n",
       "    </tr>\n",
       "    <tr>\n",
       "      <th>4</th>\n",
       "      <td>13/01/1994</td>\n",
       "      <td>472.47</td>\n",
       "      <td>2142.37</td>\n",
       "      <td>3360.01</td>\n",
       "      <td>18577.26</td>\n",
       "    </tr>\n",
       "  </tbody>\n",
       "</table>\n",
       "</div>"
      ],
      "text/plain": [
       "         date     spx      dax     ftse    nikkei\n",
       "0  07/01/1994  469.90  2224.95  3445.98  18124.01\n",
       "1  10/01/1994  475.27  2225.00  3440.58  18443.44\n",
       "2  11/01/1994  474.13  2228.10  3413.77  18485.25\n",
       "3  12/01/1994  474.17  2182.06  3372.02  18793.88\n",
       "4  13/01/1994  472.47  2142.37  3360.01  18577.26"
      ]
     },
     "execution_count": 3,
     "metadata": {},
     "output_type": "execute_result"
    }
   ],
   "source": [
    "df = raw_data_csv.copy()\n",
    "df.head()"
   ]
  },
  {
   "cell_type": "code",
   "execution_count": 4,
   "metadata": {},
   "outputs": [
    {
     "data": {
      "text/plain": [
       "count           6269\n",
       "unique          6269\n",
       "top       07/01/1994\n",
       "freq               1\n",
       "Name: date, dtype: object"
      ]
     },
     "execution_count": 4,
     "metadata": {},
     "output_type": "execute_result"
    }
   ],
   "source": [
    "df.date.describe()"
   ]
  },
  {
   "cell_type": "markdown",
   "metadata": {},
   "source": [
    "The top date value is misleading. It is not the highest date value. it is completely arbitrary. All the date values are 1, hence any single data point holds the top value. Lets convert them to date time."
   ]
  },
  {
   "cell_type": "code",
   "execution_count": 5,
   "metadata": {},
   "outputs": [
    {
     "data": {
      "text/html": [
       "<div>\n",
       "<style scoped>\n",
       "    .dataframe tbody tr th:only-of-type {\n",
       "        vertical-align: middle;\n",
       "    }\n",
       "\n",
       "    .dataframe tbody tr th {\n",
       "        vertical-align: top;\n",
       "    }\n",
       "\n",
       "    .dataframe thead th {\n",
       "        text-align: right;\n",
       "    }\n",
       "</style>\n",
       "<table border=\"1\" class=\"dataframe\">\n",
       "  <thead>\n",
       "    <tr style=\"text-align: right;\">\n",
       "      <th></th>\n",
       "      <th>date</th>\n",
       "      <th>spx</th>\n",
       "      <th>dax</th>\n",
       "      <th>ftse</th>\n",
       "      <th>nikkei</th>\n",
       "    </tr>\n",
       "  </thead>\n",
       "  <tbody>\n",
       "    <tr>\n",
       "      <th>0</th>\n",
       "      <td>1994-01-07</td>\n",
       "      <td>469.90</td>\n",
       "      <td>2224.95</td>\n",
       "      <td>3445.98</td>\n",
       "      <td>18124.01</td>\n",
       "    </tr>\n",
       "    <tr>\n",
       "      <th>1</th>\n",
       "      <td>1994-01-10</td>\n",
       "      <td>475.27</td>\n",
       "      <td>2225.00</td>\n",
       "      <td>3440.58</td>\n",
       "      <td>18443.44</td>\n",
       "    </tr>\n",
       "    <tr>\n",
       "      <th>2</th>\n",
       "      <td>1994-01-11</td>\n",
       "      <td>474.13</td>\n",
       "      <td>2228.10</td>\n",
       "      <td>3413.77</td>\n",
       "      <td>18485.25</td>\n",
       "    </tr>\n",
       "    <tr>\n",
       "      <th>3</th>\n",
       "      <td>1994-01-12</td>\n",
       "      <td>474.17</td>\n",
       "      <td>2182.06</td>\n",
       "      <td>3372.02</td>\n",
       "      <td>18793.88</td>\n",
       "    </tr>\n",
       "    <tr>\n",
       "      <th>4</th>\n",
       "      <td>1994-01-13</td>\n",
       "      <td>472.47</td>\n",
       "      <td>2142.37</td>\n",
       "      <td>3360.01</td>\n",
       "      <td>18577.26</td>\n",
       "    </tr>\n",
       "  </tbody>\n",
       "</table>\n",
       "</div>"
      ],
      "text/plain": [
       "        date     spx      dax     ftse    nikkei\n",
       "0 1994-01-07  469.90  2224.95  3445.98  18124.01\n",
       "1 1994-01-10  475.27  2225.00  3440.58  18443.44\n",
       "2 1994-01-11  474.13  2228.10  3413.77  18485.25\n",
       "3 1994-01-12  474.17  2182.06  3372.02  18793.88\n",
       "4 1994-01-13  472.47  2142.37  3360.01  18577.26"
      ]
     },
     "execution_count": 5,
     "metadata": {},
     "output_type": "execute_result"
    }
   ],
   "source": [
    "df.date = pd.to_datetime(df.date, dayfirst=True)\n",
    "df.head()"
   ]
  },
  {
   "cell_type": "code",
   "execution_count": 6,
   "metadata": {},
   "outputs": [
    {
     "name": "stderr",
     "output_type": "stream",
     "text": [
      "/tmp/ipykernel_12083/1371252037.py:1: FutureWarning: Treating datetime data as categorical rather than numeric in `.describe` is deprecated and will be removed in a future version of pandas. Specify `datetime_is_numeric=True` to silence this warning and adopt the future behavior now.\n",
      "  df.date.describe()\n"
     ]
    },
    {
     "data": {
      "text/plain": [
       "count                    6269\n",
       "unique                   6269\n",
       "top       1994-01-07 00:00:00\n",
       "freq                        1\n",
       "first     1994-01-07 00:00:00\n",
       "last      2018-01-29 00:00:00\n",
       "Name: date, dtype: object"
      ]
     },
     "execution_count": 6,
     "metadata": {},
     "output_type": "execute_result"
    }
   ],
   "source": [
    "df.date.describe()"
   ]
  },
  {
   "cell_type": "markdown",
   "metadata": {},
   "source": [
    "### Setting the datetime as new index"
   ]
  },
  {
   "cell_type": "code",
   "execution_count": 7,
   "metadata": {},
   "outputs": [
    {
     "data": {
      "text/html": [
       "<div>\n",
       "<style scoped>\n",
       "    .dataframe tbody tr th:only-of-type {\n",
       "        vertical-align: middle;\n",
       "    }\n",
       "\n",
       "    .dataframe tbody tr th {\n",
       "        vertical-align: top;\n",
       "    }\n",
       "\n",
       "    .dataframe thead th {\n",
       "        text-align: right;\n",
       "    }\n",
       "</style>\n",
       "<table border=\"1\" class=\"dataframe\">\n",
       "  <thead>\n",
       "    <tr style=\"text-align: right;\">\n",
       "      <th></th>\n",
       "      <th>spx</th>\n",
       "      <th>dax</th>\n",
       "      <th>ftse</th>\n",
       "      <th>nikkei</th>\n",
       "    </tr>\n",
       "    <tr>\n",
       "      <th>date</th>\n",
       "      <th></th>\n",
       "      <th></th>\n",
       "      <th></th>\n",
       "      <th></th>\n",
       "    </tr>\n",
       "  </thead>\n",
       "  <tbody>\n",
       "    <tr>\n",
       "      <th>1994-01-07</th>\n",
       "      <td>469.90</td>\n",
       "      <td>2224.95</td>\n",
       "      <td>3445.98</td>\n",
       "      <td>18124.01</td>\n",
       "    </tr>\n",
       "    <tr>\n",
       "      <th>1994-01-10</th>\n",
       "      <td>475.27</td>\n",
       "      <td>2225.00</td>\n",
       "      <td>3440.58</td>\n",
       "      <td>18443.44</td>\n",
       "    </tr>\n",
       "    <tr>\n",
       "      <th>1994-01-11</th>\n",
       "      <td>474.13</td>\n",
       "      <td>2228.10</td>\n",
       "      <td>3413.77</td>\n",
       "      <td>18485.25</td>\n",
       "    </tr>\n",
       "    <tr>\n",
       "      <th>1994-01-12</th>\n",
       "      <td>474.17</td>\n",
       "      <td>2182.06</td>\n",
       "      <td>3372.02</td>\n",
       "      <td>18793.88</td>\n",
       "    </tr>\n",
       "    <tr>\n",
       "      <th>1994-01-13</th>\n",
       "      <td>472.47</td>\n",
       "      <td>2142.37</td>\n",
       "      <td>3360.01</td>\n",
       "      <td>18577.26</td>\n",
       "    </tr>\n",
       "  </tbody>\n",
       "</table>\n",
       "</div>"
      ],
      "text/plain": [
       "               spx      dax     ftse    nikkei\n",
       "date                                          \n",
       "1994-01-07  469.90  2224.95  3445.98  18124.01\n",
       "1994-01-10  475.27  2225.00  3440.58  18443.44\n",
       "1994-01-11  474.13  2228.10  3413.77  18485.25\n",
       "1994-01-12  474.17  2182.06  3372.02  18793.88\n",
       "1994-01-13  472.47  2142.37  3360.01  18577.26"
      ]
     },
     "execution_count": 7,
     "metadata": {},
     "output_type": "execute_result"
    }
   ],
   "source": [
    "df.set_index(\"date\", inplace=True)\n",
    "df.head()"
   ]
  },
  {
   "cell_type": "markdown",
   "metadata": {},
   "source": [
    "### Setting the desired frequency \n",
    "\n",
    "Frequency cant be set 'h', 'd', 'w', 'm', hourly, daily, weekly, and monthly."
   ]
  },
  {
   "cell_type": "code",
   "execution_count": 8,
   "metadata": {},
   "outputs": [
    {
     "data": {
      "text/html": [
       "<div>\n",
       "<style scoped>\n",
       "    .dataframe tbody tr th:only-of-type {\n",
       "        vertical-align: middle;\n",
       "    }\n",
       "\n",
       "    .dataframe tbody tr th {\n",
       "        vertical-align: top;\n",
       "    }\n",
       "\n",
       "    .dataframe thead th {\n",
       "        text-align: right;\n",
       "    }\n",
       "</style>\n",
       "<table border=\"1\" class=\"dataframe\">\n",
       "  <thead>\n",
       "    <tr style=\"text-align: right;\">\n",
       "      <th></th>\n",
       "      <th>spx</th>\n",
       "      <th>dax</th>\n",
       "      <th>ftse</th>\n",
       "      <th>nikkei</th>\n",
       "    </tr>\n",
       "    <tr>\n",
       "      <th>date</th>\n",
       "      <th></th>\n",
       "      <th></th>\n",
       "      <th></th>\n",
       "      <th></th>\n",
       "    </tr>\n",
       "  </thead>\n",
       "  <tbody>\n",
       "    <tr>\n",
       "      <th>1994-01-07</th>\n",
       "      <td>469.90</td>\n",
       "      <td>2224.95</td>\n",
       "      <td>3445.98</td>\n",
       "      <td>18124.01</td>\n",
       "    </tr>\n",
       "    <tr>\n",
       "      <th>1994-01-08</th>\n",
       "      <td>NaN</td>\n",
       "      <td>NaN</td>\n",
       "      <td>NaN</td>\n",
       "      <td>NaN</td>\n",
       "    </tr>\n",
       "    <tr>\n",
       "      <th>1994-01-09</th>\n",
       "      <td>NaN</td>\n",
       "      <td>NaN</td>\n",
       "      <td>NaN</td>\n",
       "      <td>NaN</td>\n",
       "    </tr>\n",
       "    <tr>\n",
       "      <th>1994-01-10</th>\n",
       "      <td>475.27</td>\n",
       "      <td>2225.00</td>\n",
       "      <td>3440.58</td>\n",
       "      <td>18443.44</td>\n",
       "    </tr>\n",
       "    <tr>\n",
       "      <th>1994-01-11</th>\n",
       "      <td>474.13</td>\n",
       "      <td>2228.10</td>\n",
       "      <td>3413.77</td>\n",
       "      <td>18485.25</td>\n",
       "    </tr>\n",
       "  </tbody>\n",
       "</table>\n",
       "</div>"
      ],
      "text/plain": [
       "               spx      dax     ftse    nikkei\n",
       "date                                          \n",
       "1994-01-07  469.90  2224.95  3445.98  18124.01\n",
       "1994-01-08     NaN      NaN      NaN       NaN\n",
       "1994-01-09     NaN      NaN      NaN       NaN\n",
       "1994-01-10  475.27  2225.00  3440.58  18443.44\n",
       "1994-01-11  474.13  2228.10  3413.77  18485.25"
      ]
     },
     "execution_count": 8,
     "metadata": {},
     "output_type": "execute_result"
    }
   ],
   "source": [
    "df = df.asfreq('d')\n",
    "df.head()"
   ]
  },
  {
   "cell_type": "markdown",
   "metadata": {},
   "source": [
    "We can see that we have NaN values for 08, and 09 day, because we dont have observed data for those dates. This datset is closing price form stock exchange, i.e., we only have Monday - Friday data. If we look at the calendar, we can see 08, and 09 of 1995 Jan are weekends."
   ]
  },
  {
   "cell_type": "code",
   "execution_count": 9,
   "metadata": {},
   "outputs": [
    {
     "data": {
      "text/html": [
       "<div>\n",
       "<style scoped>\n",
       "    .dataframe tbody tr th:only-of-type {\n",
       "        vertical-align: middle;\n",
       "    }\n",
       "\n",
       "    .dataframe tbody tr th {\n",
       "        vertical-align: top;\n",
       "    }\n",
       "\n",
       "    .dataframe thead th {\n",
       "        text-align: right;\n",
       "    }\n",
       "</style>\n",
       "<table border=\"1\" class=\"dataframe\">\n",
       "  <thead>\n",
       "    <tr style=\"text-align: right;\">\n",
       "      <th></th>\n",
       "      <th>spx</th>\n",
       "      <th>dax</th>\n",
       "      <th>ftse</th>\n",
       "      <th>nikkei</th>\n",
       "    </tr>\n",
       "    <tr>\n",
       "      <th>date</th>\n",
       "      <th></th>\n",
       "      <th></th>\n",
       "      <th></th>\n",
       "      <th></th>\n",
       "    </tr>\n",
       "  </thead>\n",
       "  <tbody>\n",
       "    <tr>\n",
       "      <th>1994-01-07</th>\n",
       "      <td>469.90</td>\n",
       "      <td>2224.95</td>\n",
       "      <td>3445.98</td>\n",
       "      <td>18124.01</td>\n",
       "    </tr>\n",
       "    <tr>\n",
       "      <th>1994-01-10</th>\n",
       "      <td>475.27</td>\n",
       "      <td>2225.00</td>\n",
       "      <td>3440.58</td>\n",
       "      <td>18443.44</td>\n",
       "    </tr>\n",
       "    <tr>\n",
       "      <th>1994-01-11</th>\n",
       "      <td>474.13</td>\n",
       "      <td>2228.10</td>\n",
       "      <td>3413.77</td>\n",
       "      <td>18485.25</td>\n",
       "    </tr>\n",
       "    <tr>\n",
       "      <th>1994-01-12</th>\n",
       "      <td>474.17</td>\n",
       "      <td>2182.06</td>\n",
       "      <td>3372.02</td>\n",
       "      <td>18793.88</td>\n",
       "    </tr>\n",
       "    <tr>\n",
       "      <th>1994-01-13</th>\n",
       "      <td>472.47</td>\n",
       "      <td>2142.37</td>\n",
       "      <td>3360.01</td>\n",
       "      <td>18577.26</td>\n",
       "    </tr>\n",
       "  </tbody>\n",
       "</table>\n",
       "</div>"
      ],
      "text/plain": [
       "               spx      dax     ftse    nikkei\n",
       "date                                          \n",
       "1994-01-07  469.90  2224.95  3445.98  18124.01\n",
       "1994-01-10  475.27  2225.00  3440.58  18443.44\n",
       "1994-01-11  474.13  2228.10  3413.77  18485.25\n",
       "1994-01-12  474.17  2182.06  3372.02  18793.88\n",
       "1994-01-13  472.47  2142.37  3360.01  18577.26"
      ]
     },
     "execution_count": 9,
     "metadata": {},
     "output_type": "execute_result"
    }
   ],
   "source": [
    "df = df.asfreq('b') # only business days \n",
    "df.head()"
   ]
  },
  {
   "cell_type": "markdown",
   "metadata": {},
   "source": [
    "### Handling Missing Values "
   ]
  },
  {
   "cell_type": "code",
   "execution_count": 10,
   "metadata": {},
   "outputs": [
    {
     "data": {
      "text/plain": [
       "spx       8\n",
       "dax       8\n",
       "ftse      8\n",
       "nikkei    8\n",
       "dtype: int64"
      ]
     },
     "execution_count": 10,
     "metadata": {},
     "output_type": "execute_result"
    }
   ],
   "source": [
    "df.isna().sum()"
   ]
  },
  {
   "cell_type": "markdown",
   "metadata": {},
   "source": [
    "Initially, we had zero missing values. But, here we have 8 missing values. It was due to we set the frequency to business days."
   ]
  },
  {
   "cell_type": "code",
   "execution_count": 11,
   "metadata": {},
   "outputs": [],
   "source": [
    "df.spx = df.spx.fillna(method='ffill')"
   ]
  },
  {
   "cell_type": "code",
   "execution_count": 12,
   "metadata": {},
   "outputs": [
    {
     "data": {
      "text/plain": [
       "spx       0\n",
       "dax       8\n",
       "ftse      8\n",
       "nikkei    8\n",
       "dtype: int64"
      ]
     },
     "execution_count": 12,
     "metadata": {},
     "output_type": "execute_result"
    }
   ],
   "source": [
    "df.isna().sum()"
   ]
  },
  {
   "cell_type": "code",
   "execution_count": 13,
   "metadata": {},
   "outputs": [],
   "source": [
    "df.ftse = df.ftse.fillna(method='bfill')"
   ]
  },
  {
   "cell_type": "code",
   "execution_count": 14,
   "metadata": {},
   "outputs": [
    {
     "data": {
      "text/plain": [
       "spx       0\n",
       "dax       8\n",
       "ftse      0\n",
       "nikkei    8\n",
       "dtype: int64"
      ]
     },
     "execution_count": 14,
     "metadata": {},
     "output_type": "execute_result"
    }
   ],
   "source": [
    "df.isna().sum()"
   ]
  },
  {
   "cell_type": "code",
   "execution_count": 15,
   "metadata": {},
   "outputs": [],
   "source": [
    "df.dax = df.dax.fillna(value=df.dax.mean)"
   ]
  },
  {
   "cell_type": "code",
   "execution_count": 16,
   "metadata": {},
   "outputs": [
    {
     "data": {
      "text/plain": [
       "spx       0\n",
       "dax       0\n",
       "ftse      0\n",
       "nikkei    8\n",
       "dtype: int64"
      ]
     },
     "execution_count": 16,
     "metadata": {},
     "output_type": "execute_result"
    }
   ],
   "source": [
    "df.isna().sum()"
   ]
  },
  {
   "cell_type": "code",
   "execution_count": 17,
   "metadata": {},
   "outputs": [],
   "source": [
    "df.nikkei = df.nikkei.fillna(method='ffill')"
   ]
  },
  {
   "cell_type": "markdown",
   "metadata": {},
   "source": [
    "### Simplifying the dataset\n",
    "\n",
    "we will analyze the S&P 500 data."
   ]
  },
  {
   "cell_type": "code",
   "execution_count": 18,
   "metadata": {},
   "outputs": [],
   "source": [
    "df['market_value'] = df.spx"
   ]
  },
  {
   "cell_type": "code",
   "execution_count": 19,
   "metadata": {},
   "outputs": [
    {
     "data": {
      "text/html": [
       "<div>\n",
       "<style scoped>\n",
       "    .dataframe tbody tr th:only-of-type {\n",
       "        vertical-align: middle;\n",
       "    }\n",
       "\n",
       "    .dataframe tbody tr th {\n",
       "        vertical-align: top;\n",
       "    }\n",
       "\n",
       "    .dataframe thead th {\n",
       "        text-align: right;\n",
       "    }\n",
       "</style>\n",
       "<table border=\"1\" class=\"dataframe\">\n",
       "  <thead>\n",
       "    <tr style=\"text-align: right;\">\n",
       "      <th></th>\n",
       "      <th>spx</th>\n",
       "      <th>ftse</th>\n",
       "      <th>nikkei</th>\n",
       "      <th>market_value</th>\n",
       "    </tr>\n",
       "  </thead>\n",
       "  <tbody>\n",
       "    <tr>\n",
       "      <th>count</th>\n",
       "      <td>6277.000000</td>\n",
       "      <td>6277.000000</td>\n",
       "      <td>6277.000000</td>\n",
       "      <td>6277.000000</td>\n",
       "    </tr>\n",
       "    <tr>\n",
       "      <th>mean</th>\n",
       "      <td>1288.642547</td>\n",
       "      <td>5423.690398</td>\n",
       "      <td>14597.672753</td>\n",
       "      <td>1288.642547</td>\n",
       "    </tr>\n",
       "    <tr>\n",
       "      <th>std</th>\n",
       "      <td>487.868210</td>\n",
       "      <td>1145.568370</td>\n",
       "      <td>4043.795272</td>\n",
       "      <td>487.868210</td>\n",
       "    </tr>\n",
       "    <tr>\n",
       "      <th>min</th>\n",
       "      <td>438.920000</td>\n",
       "      <td>2876.600000</td>\n",
       "      <td>7054.980000</td>\n",
       "      <td>438.920000</td>\n",
       "    </tr>\n",
       "    <tr>\n",
       "      <th>25%</th>\n",
       "      <td>992.715221</td>\n",
       "      <td>4487.880000</td>\n",
       "      <td>10701.130000</td>\n",
       "      <td>992.715221</td>\n",
       "    </tr>\n",
       "    <tr>\n",
       "      <th>50%</th>\n",
       "      <td>1233.761241</td>\n",
       "      <td>5663.300000</td>\n",
       "      <td>15030.510000</td>\n",
       "      <td>1233.761241</td>\n",
       "    </tr>\n",
       "    <tr>\n",
       "      <th>75%</th>\n",
       "      <td>1460.250000</td>\n",
       "      <td>6304.630175</td>\n",
       "      <td>17860.470000</td>\n",
       "      <td>1460.250000</td>\n",
       "    </tr>\n",
       "    <tr>\n",
       "      <th>max</th>\n",
       "      <td>2872.867839</td>\n",
       "      <td>7778.637689</td>\n",
       "      <td>24124.150000</td>\n",
       "      <td>2872.867839</td>\n",
       "    </tr>\n",
       "  </tbody>\n",
       "</table>\n",
       "</div>"
      ],
      "text/plain": [
       "               spx         ftse        nikkei  market_value\n",
       "count  6277.000000  6277.000000   6277.000000   6277.000000\n",
       "mean   1288.642547  5423.690398  14597.672753   1288.642547\n",
       "std     487.868210  1145.568370   4043.795272    487.868210\n",
       "min     438.920000  2876.600000   7054.980000    438.920000\n",
       "25%     992.715221  4487.880000  10701.130000    992.715221\n",
       "50%    1233.761241  5663.300000  15030.510000   1233.761241\n",
       "75%    1460.250000  6304.630175  17860.470000   1460.250000\n",
       "max    2872.867839  7778.637689  24124.150000   2872.867839"
      ]
     },
     "execution_count": 19,
     "metadata": {},
     "output_type": "execute_result"
    }
   ],
   "source": [
    "df.describe()"
   ]
  },
  {
   "cell_type": "markdown",
   "metadata": {},
   "source": [
    "Lets delete the original data from df."
   ]
  },
  {
   "cell_type": "code",
   "execution_count": 20,
   "metadata": {},
   "outputs": [
    {
     "data": {
      "text/html": [
       "<div>\n",
       "<style scoped>\n",
       "    .dataframe tbody tr th:only-of-type {\n",
       "        vertical-align: middle;\n",
       "    }\n",
       "\n",
       "    .dataframe tbody tr th {\n",
       "        vertical-align: top;\n",
       "    }\n",
       "\n",
       "    .dataframe thead th {\n",
       "        text-align: right;\n",
       "    }\n",
       "</style>\n",
       "<table border=\"1\" class=\"dataframe\">\n",
       "  <thead>\n",
       "    <tr style=\"text-align: right;\">\n",
       "      <th></th>\n",
       "      <th>market_value</th>\n",
       "    </tr>\n",
       "  </thead>\n",
       "  <tbody>\n",
       "    <tr>\n",
       "      <th>count</th>\n",
       "      <td>6277.000000</td>\n",
       "    </tr>\n",
       "    <tr>\n",
       "      <th>mean</th>\n",
       "      <td>1288.642547</td>\n",
       "    </tr>\n",
       "    <tr>\n",
       "      <th>std</th>\n",
       "      <td>487.868210</td>\n",
       "    </tr>\n",
       "    <tr>\n",
       "      <th>min</th>\n",
       "      <td>438.920000</td>\n",
       "    </tr>\n",
       "    <tr>\n",
       "      <th>25%</th>\n",
       "      <td>992.715221</td>\n",
       "    </tr>\n",
       "    <tr>\n",
       "      <th>50%</th>\n",
       "      <td>1233.761241</td>\n",
       "    </tr>\n",
       "    <tr>\n",
       "      <th>75%</th>\n",
       "      <td>1460.250000</td>\n",
       "    </tr>\n",
       "    <tr>\n",
       "      <th>max</th>\n",
       "      <td>2872.867839</td>\n",
       "    </tr>\n",
       "  </tbody>\n",
       "</table>\n",
       "</div>"
      ],
      "text/plain": [
       "       market_value\n",
       "count   6277.000000\n",
       "mean    1288.642547\n",
       "std      487.868210\n",
       "min      438.920000\n",
       "25%      992.715221\n",
       "50%     1233.761241\n",
       "75%     1460.250000\n",
       "max     2872.867839"
      ]
     },
     "execution_count": 20,
     "metadata": {},
     "output_type": "execute_result"
    }
   ],
   "source": [
    "df.drop([\"spx\",\"ftse\", \"nikkei\",\"dax\"], axis=1, inplace=True)\n",
    "df.describe()"
   ]
  },
  {
   "cell_type": "markdown",
   "metadata": {},
   "source": [
    "### Splitting the time series data\n",
    "\n",
    "We need to split the data into training and testing dataset. Most of the ML datsets are shuffled, but in case of time series data we have to mantain chronolgy of the data. we will use cutoff point to split the dataset.\n",
    "\n",
    "dataset: _______________\n",
    "\n",
    "train:   __________\n",
    "test:              _____\n",
    "\n",
    "Along the time domain. "
   ]
  },
  {
   "cell_type": "code",
   "execution_count": 21,
   "metadata": {},
   "outputs": [
    {
     "data": {
      "text/plain": [
       "(6277, 1)"
      ]
     },
     "execution_count": 21,
     "metadata": {},
     "output_type": "execute_result"
    }
   ],
   "source": [
    "df.shape"
   ]
  },
  {
   "cell_type": "code",
   "execution_count": 22,
   "metadata": {},
   "outputs": [],
   "source": [
    "train_size = int(df.shape[0] * 0.8)"
   ]
  },
  {
   "cell_type": "code",
   "execution_count": 23,
   "metadata": {},
   "outputs": [],
   "source": [
    "df_train = df.iloc[:train_size]\n",
    "df_test = df.iloc[train_size:]"
   ]
  },
  {
   "cell_type": "code",
   "execution_count": 24,
   "metadata": {},
   "outputs": [
    {
     "data": {
      "text/plain": [
       "(            market_value\n",
       " date                    \n",
       " 2013-04-01   1562.173837\n",
       " 2013-04-02   1570.252238\n",
       " 2013-04-03   1553.686978\n",
       " 2013-04-04   1559.979316\n",
       " 2013-04-05   1553.278930,\n",
       "             market_value\n",
       " date                    \n",
       " 2018-01-23   2839.130362\n",
       " 2018-01-24   2837.544008\n",
       " 2018-01-25   2839.253031\n",
       " 2018-01-26   2872.867839\n",
       " 2018-01-29   2853.528411)"
      ]
     },
     "execution_count": 24,
     "metadata": {},
     "output_type": "execute_result"
    }
   ],
   "source": [
    "df_train.tail(), df_test.tail()"
   ]
  },
  {
   "cell_type": "code",
   "execution_count": null,
   "metadata": {},
   "outputs": [],
   "source": []
  }
 ],
 "metadata": {
  "kernelspec": {
   "display_name": "Python 3.9.12 ('base')",
   "language": "python",
   "name": "python3"
  },
  "language_info": {
   "codemirror_mode": {
    "name": "ipython",
    "version": 3
   },
   "file_extension": ".py",
   "mimetype": "text/x-python",
   "name": "python",
   "nbconvert_exporter": "python",
   "pygments_lexer": "ipython3",
   "version": "3.9.12"
  },
  "orig_nbformat": 4,
  "vscode": {
   "interpreter": {
    "hash": "de51140f9c2858b57f5026daf5105c8f63281ce49e5d5e997c91267b057e5c8a"
   }
  }
 },
 "nbformat": 4,
 "nbformat_minor": 2
}
